94.1006 -223.884 970
94.1006 -223.884 970
93.0461 -224.207 970
95.0569 -223.329 969
92.0864 -224.763 971
96.1102 -223.006 969
91.1246 -225.318 972
97.1636 -222.682 969
90.1605 -225.875 973
98.1155 -222.129 968
89.1026 -226.199 973
99.1675 -221.806 968
88.1352 -226.757 974
100.22 -221.482 968
87.1656 -227.315 975
101.272 -221.159 968
86.1937 -227.873 976
102.324 -220.835 968
85.2198 -228.432 977
103.376 -220.512 968
84.2435 -228.992 978
104.428 -220.188 968
83.3501 -229.787 980
105.588 -220.092 969
82.3683 -230.348 981
106.641 -219.768 969
81.4673 -231.146 983
107.694 -219.443 969
80.4801 -231.708 984
108.747 -219.119 969
79.4908 -232.272 985
109.8 -218.795 969
73.6241 -154.2 998
73.6241 -154.2 998
72.5354 -154.534 998
74.7126 -153.866 998
71.4468 -154.868 998
75.8771 -153.686 999
70.3581 -155.202 998
76.9667 -153.351 999
69.2694 -155.535 998
78.0562 -153.017 999
68.1807 -155.869 998
79.1458 -152.682 999
67.1591 -156.359 999
80.2353 -152.348 999
66.0692 -156.693 999
81.3247 -152.013 999
65.0444 -157.185 1000
82.4141 -151.679 999
63.9534 -157.519 1000
83.5034 -151.344 999
62.8623 -157.853 1000
84.6775 -151.161 1000
61.7712 -158.187 1000
85.7679 -150.826 1000
60.6801 -158.522 1000
86.945 -150.641 1001
59.6486 -159.015 1001
88.0364 -150.306 1001
58.5563 -159.349 1001
89.1278 -149.97 1001
57.4641 -159.683 1001
90.3092 -149.784 1002
73.6241 -154.2 998
73.6241 -154.2 998
72.5346 -154.856 998
74.7134 -153.544 998
71.4453 -155.512 998
75.8787 -153.04 999
70.3559 -156.169 998
76.9691 -152.383 999
69.2665 -156.825 998
78.0594 -151.726 999
68.1771 -157.481 998
79.1497 -151.069 999
67.1549 -158.295 999
80.3204 -150.562 1000
66.1305 -159.111 1000
81.4118 -149.904 1000
65.0389 -159.768 1000
82.5033 -149.246 1000
63.9473 -160.425 1000
83.5946 -148.588 1000
62.8557 -161.082 1000
84.7706 -148.078 1001
61.764 -161.739 1000
85.9487 -147.566 1002
60.7331 -162.559 1001
87.0422 -146.906 1002
59.6403 -163.216 1001
88.1356 -146.247 1002
58.6061 -164.037 1002
89.229 -145.587 1002
57.5123 -164.695 1002
90.3224 -144.927 1002
-35.5671 29.3415 918
-35.5671 29.3415 918
-36.5715 28.7353 918
-34.6004 29.9803 919
-37.535 28.0985 917
-33.5948 30.5871 919
-38.5802 27.523 918
-32.6247 31.2279 920
-39.6277 26.9461 919
-31.6181 31.8353 920
-40.633 26.3393 919
-30.6114 32.4428 920
-41.6837 25.7604 920
-29.6369 33.0861 921
-42.6901 25.1529 920
-28.598 33.6577 920
-43.6965 24.5453 920
-27.5912 34.2651 920
-44.7028 23.9378 920
-26.5845 34.8725 920
-45.7091 23.3303 920
-25.5777 35.4799 920
-46.7662 22.7475 921
-24.5976 36.1265 921
-47.7735 22.1393 921
-23.5898 36.7345 921
-48.8867 21.5779 923
-22.5819 37.3425 921
-50.0043 21.0138 925
-21.5974 37.9917 922
-51.0159 20.403 925
-20.6107 38.6422 923
