653.722 100.293 122.879 3.0279 -0.387052 1.90969
652.541 96.7532 123.768 3.07823 -0.330428 1.25744
653.823 92.5524 123.594 0.0338774 -2.80401 -1.93412
656.108 86.2261 122.577 3.03814 -0.23885 1.28794
657.809 80.2337 122.782 0.164783 -2.89072 -2.22772
660.753 76.4905 121.393 0.101629 -2.95833 -1.61255
660.922 72.4111 120.946 0.133242 -2.96558 -1.79535
662.412 65.8908 119.804 0.0895276 -2.97055 -1.92631
664.592 59.9928 118.897 0.160497 -2.93548 -1.9821
666.654 55.303 117.701 3.01406 -0.155942 1.6401
666.197 48.7904 118.608 0.0738657 -3.05178 -1.80927
666.843 46.1368 118.354 0.210472 -3.03603 -1.72937
667.765 40.5307 117.056 0.343619 -3.09814 -1.51192
667.386 34.5352 114.928 0.252189 3.08905 -2.33803
669.282 32.6107 114.536 0.281212 3.13807 -1.68523
670.008 26.5475 112.787 0.160997 3.07591 -1.93685
672.306 20.6218 111.978 0.0573151 3.07569 -1.99977
674.512 15.8034 111.847 0.0896611 -3.11083 -2.11691
677.905 10.2563 111.243 3.13117 -0.0223934 1.18532
679.902 5.33957 111.25 0.0802372 -3.12667 -2.09503
682.031 1.6727 110.923 3.13829 0.0216279 1.20914
683.908 -3.27063 110.98 0.0111227 3.12968 -1.9036
685.943 -9.15125 110.939 3.09009 0.0376499 1.21861
