92.2476 -137.504 1007 
90.0559 -136.414 1007 
90.0559 -136.414 1007 
88.9613 -135.322 1007 
88.9613 -135.322 1007 
86.68 -135.193 1006 
86.6853 -133.004 1006 
85.5887 -133.007 1006 
85.5887 -133.007 1006 
83.3953 -133.012 1006 
82.2985 -133.014 1006 
82.2985 -133.014 1006 
82.3035 -130.825 1006 
80.0299 -130.7 1005 
80.0299 -130.7 1005 
77.7583 -131.667 1004 
77.7583 -131.667 1004 
75.4953 -130.449 1003 
75.4953 -130.449 1003 
74.4013 -130.451 1003 
74.4013 -130.451 1003 
74.4035 -129.359 1003 
73.2342 -130.323 1002 
73.2385 -128.142 1002 
73.2385 -128.142 1002 
70.9814 -128.018 1001 
70.9814 -128.018 1001 
69.8215 -126.804 1000 
69.8215 -126.804 1000 
69.8195 -127.892 1000 
69.8195 -127.892 1000 
68.7324 -125.717 1000 
68.7324 -125.717 1000 
66.4835 -125.595 999 
66.4188 -124.383 998 
66.4188 -124.383 998 
65.2679 -122.089 997 
63.0284 -121.97 996 
63.0284 -121.97 996 
63.0301 -120.885 996 
63.0301 -120.885 996 
61.8807 -120.765 995 
61.8807 -120.765 995 
58.5649 -119.566 994 
57.4234 -118.366 993 
57.4234 -118.366 993 
57.4234 -118.366 993 
56.2841 -117.167 992 
56.2841 -117.167 992 
55.1482 -114.891 991 
55.1482 -114.891 991 
55.094 -113.696 990 
53.9584 -113.583 989 
53.9584 -113.583 989 
52.8262 -112.392 988 
52.829 -110.238 988 
52.829 -110.238 988 
51.6975 -110.128 987 
51.6975 -110.128 987 
50.6194 -110.129 987 
51.7001 -107.976 987 
48.4166 -107.87 986 
49.4447 -106.686 985 
47.3394 -107.872 986 
48.3699 -105.613 985 
48.3699 -105.613 985 
46.1719 -104.435 984 
46.1719 -104.435 984 
45.0532 -102.186 983 
45.0532 -102.186 983 
45.0532 -102.186 983 
43.9812 -100.042 983 
42.8643 -98.8699 982 
42.8643 -98.8699 982 
41.7496 -97.6998 981 
41.7496 -97.6998 981 
39.5659 -96.5327 980 
39.5659 -96.5327 980 
39.5273 -94.2974 979 
39.5273 -94.2974 979 
37.3871 -94.2991 979 
37.3887 -92.162 979 
37.3887 -92.162 979 
37.3887 -92.162 979 
38.4213 -89.9319 978 
36.2475 -87.7083 977 
36.2475 -87.7083 977 
35.2146 -88.8666 978 
35.2146 -88.8666 978 
35.1448 -85.4878 976 
35.1448 -85.4878 976 
34.0784 -84.4228 976 
34.0784 -84.4228 976 
31.9126 -82.2078 975 
31.9126 -82.2078 975 
31.9126 -82.2078 975 
30.8471 -81.1436 975 
30.8471 -81.1436 975 
30.8166 -78.9324 974 
29.7214 -77.7889 973 
29.7214 -77.7889 973 
28.6578 -76.7264 973 
26.53 -75.6644 973 
26.53 -75.6644 973 
25.4401 -74.5251 972 
25.4401 -74.5251 972 
26.5041 -72.4003 972 
26.5041 -72.4003 972 
24.3531 -71.2655 971 
23.267 -71.1925 970 
23.267 -71.1925 970 
23.267 -71.1925 970 
22.1838 -69.0013 969 
20.0637 -69.002 969 
22.1841 -67.9422 969 
20.064 -67.9429 969 
20.064 -67.9429 969 
18.9847 -66.8149 968 
18.9847 -66.8149 968 
16.8671 -64.6991 968 
16.8671 -64.6991 968 
16.8502 -62.5178 967 
14.7342 -62.5182 967 
13.6763 -61.4611 967 
13.6763 -61.4611 967 
12.6056 -59.2852 966 
12.6056 -59.2852 966 
10.5025 -58.2894 967 
11.5487 -58.229 966 
9.44438 -58.2895 967 
10.4919 -56.1162 966 
8.37795 -54.0034 966 
8.37795 -54.0034 966 
6.26379 -52.947 966 
6.26379 -52.947 966 
6.25742 -50.7812 965 
6.25742 -50.7812 965 
6.251 -49.6739 964 
6.251 -49.6739 964 
5.19607 -48.6195 964 
4.13679 -47.5155 963 
4.13679 -47.5155 963 
3.08291 -45.4084 963 
3.08291 -45.4084 963 
3.07975 -43.2562 962 
0.973986 -43.2562 962 
0.973986 -43.2562 962 
0.97296 -42.1597 961 
0.971947 -40.0149 960 
0.971947 -40.0149 960 
-0.0787163 -38.9238 959 
-0.0787163 -38.9238 959 
-1.12837 -37.8744 959 
-1.12837 -37.8744 959 
-1.12725 -35.7381 958 
-3.22439 -35.7381 958 
-3.22105 -34.6535 957 
-3.22105 -34.6535 957 
-3.21777 -32.5247 956 
-3.21777 -32.5247 956 
-4.2598 -30.4001 955 
-4.2598 -30.4001 955 
-4.25537 -29.3242 954 
-6.34389 -28.2799 954 
-4.25541 -28.28 954 
-6.34393 -27.2357 954 
-6.34393 -27.2357 954 
-7.37279 -25.0944 952 
-7.37279 -25.0944 952 
-7.36514 -22.9861 951 
-7.36514 -22.9861 951 
-8.39732 -21.9219 950 
-8.39737 -20.882 950 
-8.39737 -20.882 950 
-10.4661 -19.8211 949 
-10.4661 -19.8211 949 
-10.4552 -17.7247 948 
-10.4552 -17.7247 948 
-11.4808 -16.6692 947 
-13.5539 -16.6691 947 
-12.5042 -15.616 946 
-12.5042 -15.616 946 
-13.5254 -14.5649 945 
-13.5254 -14.5649 945 
-15.5777 -13.516 944 
-15.5777 -13.516 944 
-15.5778 -11.4491 944 
-15.5778 -11.4491 944 
-17.6256 -11.4369 943 
-18.6182 -9.35235 941 
-18.6182 -9.35235 941 
-19.6482 -8.32217 941 
-19.6482 -8.32217 941 
-20.6342 -6.24852 939 
-20.6342 -6.24852 939 
-21.6619 -5.22056 939 
-21.6619 -5.22056 939 
-22.6654 -4.18813 938 
-24.7449 -4.19259 939 
-23.692 -2.13443 938 
-23.692 -2.13443 938 
-23.6667 -0.0806503 937 
-23.6667 -0.0806503 937 
-24.6658 0.944054 936 
-24.6658 0.944054 936 
-25.6901 0.944023 936 
-25.6901 0.944023 936 
-27.7386 1.96857 936 
-27.7386 1.96857 936 
-27.709 2.98998 935 
-27.709 2.98998 935 
-27.6792 5.0316 934 
-30.7783 5.03678 935 
-30.7783 5.03678 935 
-31.733 8.08971 933 
-31.733 8.08971 933 
-31.6989 9.1012 932 
-33.7019 11.1293 931 
-33.7019 11.1293 931 
-34.6831 12.1351 930 
-34.6831 12.1351 930 
