123.177 -213.693 977 
124.363 -213.906 978 
123.177 -213.693 977 
124.369 -212.852 978 
124.369 -212.852 978 
123.182 -212.64 977 
123.182 -212.64 977 
124.369 -212.852 978 
122.123 -212.645 977 
122.123 -212.645 977 
122.123 -212.645 977 
122.123 -212.645 977 
122.123 -212.645 977 
122.123 -212.645 977 
122.123 -212.645 977 
122.123 -212.645 977 
122.123 -212.645 977 
123.313 -211.803 978 
123.313 -211.803 978 
122.123 -212.645 977 
123.313 -211.803 978 
122.258 -210.753 978 
122.258 -210.753 978 
121.203 -209.704 978 
121.203 -209.704 978 
120.147 -208.654 978 
120.28 -206.754 979 
120.28 -206.754 979 
120.28 -206.754 979 
119.35 -204.855 980 
119.35 -204.855 980 
119.35 -204.855 980 
118.292 -203.803 980 
118.423 -201.892 981 
118.423 -201.892 981 
118.548 -201.038 982 
118.548 -201.038 982 
118.679 -199.119 983 
118.679 -199.119 983 
118.805 -198.259 984 
118.805 -198.259 984 
117.741 -197.201 984 
116.678 -196.142 984 
116.678 -196.142 984 
116.801 -195.277 985 
116.801 -195.277 985 
116.929 -193.344 986 
114.551 -194.025 984 
115.864 -192.283 986 
115.864 -192.283 986 
115.864 -192.283 986 
113.736 -189.094 986 
113.736 -189.094 986 
115.044 -188.404 988 
112.907 -186.276 988 
113.026 -185.395 989 
113.026 -185.395 989 
111.956 -184.329 989 
111.002 -182.377 990 
111.002 -182.377 990 
109.926 -182.381 990 
110.046 -180.42 991 
110.046 -180.42 991 
109.091 -177.384 992 
109.091 -177.384 992 
110.281 -177.559 993 
108.13 -175.416 993 
108.13 -175.416 993 
109.32 -175.588 994 
108.356 -173.613 995 
108.356 -173.613 995 
107.39 -171.633 996 
107.39 -171.633 996 
106.315 -169.478 996 
106.426 -168.568 997 
106.426 -168.568 997 
105.455 -166.577 998 
105.455 -166.577 998 
107.733 -166.736 999 
105.568 -164.577 999 
105.572 -163.494 999 
105.572 -163.494 999 
105.681 -162.573 1000 
105.794 -160.563 1001 
105.794 -160.563 1001 
104.817 -158.553 1002 
104.817 -158.553 1002 
103.73 -157.469 1002 
103.73 -157.469 1002 
103.944 -155.604 1004 
103.944 -155.604 1004 
101.661 -154.367 1003 
101.661 -154.367 1003 
102.961 -153.58 1005 
101.77 -152.341 1004 
101.77 -152.341 1004 
101.77 -152.341 1004 
101.77 -152.341 1004 
101.874 -151.401 1005 
101.874 -151.401 1005 
101.874 -151.401 1005 
100.784 -150.313 1005 
100.784 -150.313 1005 
99.4879 -151.107 1003 
99.4879 -151.107 1003 
99.4879 -151.107 1003 
99.4879 -151.107 1003 
100.784 -150.313 1005 
100.784 -150.313 1005 
99.5904 -150.167 1004 
99.5904 -150.167 1004 
99.5904 -150.167 1004 
99.5904 -150.167 1004 
99.5904 -150.167 1004 
99.5904 -150.167 1004 
97.3072 -150.024 1003 
99.5938 -149.076 1004 
97.4075 -149.083 1004 
97.4075 -149.083 1004 
97.4075 -149.083 1004 
97.4075 -149.083 1004 
97.4075 -149.083 1004 
96.2182 -148.937 1003 
96.2182 -148.937 1003 
96.2182 -148.937 1003 
96.2182 -148.937 1003 
96.2182 -148.937 1003 
