0.352125 0.897056 0.26702
-0.978978 0.0386917 -0.200264
-0.375514 0.892011 0.251605
-0.266872 0.884804 0.381969
-0.159419 0.846942 0.507222
-0.65065 0.755987 0.0716847
-0.205737 0.919848 0.333994
-0.169868 0.784049 0.597003
-0.502597 0.797068 0.334782
-0.195194 0.88269 0.427502
-0.265673 0.798186 0.540664
-0.337362 0.874531 0.348398
0.031918 0.935491 0.351906
-0.286451 0.866899 0.40796
-0.306419 0.808283 0.502778
-0.566678 0.823414 -0.0294239
-0.916844 0.191915 -0.350093
-0.828211 0.554206 -0.0831944
-0.32169 0.903706 0.282543
-0.384595 0.872397 0.301679
-0.81442 0.549141 -0.187521
-0.847946 0.529904 0.0137397
-0.912177 -0.0026089 -0.409789
-0.722979 0.61807 -0.308692
-0.846216 0.322171 -0.424411
-0.589505 0.67286 -0.446925
-0.810191 0.379606 -0.446642
-0.724763 0.544386 -0.422331
-0.48731 0.653409 -0.579298
-0.249323 0.943321 -0.219052
-0.899816 0.197081 -0.389218
-0.53663 0.746886 -0.39267
-0.48905 0.816852 -0.305912
-0.552768 0.701249 -0.450219
-0.189019 0.954023 -0.232618
-0.728477 0.637713 -0.250288
-0.588231 0.767105 -0.255996
-0.483088 0.817378 -0.313876
-0.423792 0.871401 -0.247107
-0.794796 0.438118 -0.419943
-0.582515 0.743156 -0.329236
-0.629335 0.754546 -0.186004
-0.755365 0.655304 -0.000469275
-0.0847146 0.924314 -0.37211
-0.652596 0.747921 -0.121381
-0.470204 0.817358 -0.332917
-0.420089 0.79518 -0.43728
-0.308003 0.864074 -0.398133
-0.459089 0.765776 -0.45036
-0.330008 0.850926 -0.40868
-0.479263 0.751561 -0.45328
-0.50539 0.74754 -0.431005
-0.487084 0.72044 -0.493675
-0.444659 0.791074 -0.420095
-0.679075 0.533889 -0.503806
-0.636325 0.650536 -0.4146
-0.0830558 0.924669 -0.371603
-0.60702 0.68771 -0.398223
