-0.784375 0.397079 -0.299618
0.060358 -0.824653 -0.454381
-0.775962 -0.154186 -0.611472
-0.835458 -0.0149041 -0.54919
-0.880521 0.109793 -0.460075
-0.59241 -0.446297 -0.670393
-0.856504 -0.00975554 -0.500729
-0.888425 0.127265 -0.419926
-0.758793 -0.221835 -0.610993
-0.882084 0.0297481 -0.464176
-0.880515 0.0207493 -0.463301
-0.839733 -0.112443 -0.530885
-0.886377 0.177143 -0.390514
-0.849941 -0.0336652 -0.525253
-0.842643 0.0094856 -0.5288
-0.605193 -0.439769 -0.651248
-0.00919192 -0.886648 -0.461974
-0.436333 -0.730845 -0.524827
-0.892743 -0.190166 -0.408192
-0.874987 -0.242064 -0.415474
-0.381415 -0.74573 -0.527297
-0.486417 -0.768074 -0.396661
0.0440433 -0.994528 -0.0917073
-0.587976 -0.785063 -0.194791
-0.341506 -0.938636 -0.0316058
-0.703391 -0.693477 -0.116263
-0.471645 -0.874488 0.112308
-0.620161 -0.780652 0.0579951
-0.757641 -0.634643 -0.0785002
-0.916869 -0.292374 -0.215501
-0.284182 -0.941356 0.180332
-0.801763 -0.595926 -0.0377897
-0.848243 -0.524431 -0.0442928
-0.793676 -0.595036 0.0476443
-0.975498 -0.193688 -0.00170064
-0.682485 -0.701531 0.198968
-0.806735 -0.564652 0.16172
-0.873936 -0.470528 0.119756
-0.903927 -0.412978 0.0939168
-0.565138 -0.762401 0.274197
-0.812484 -0.536663 0.22616
-0.766935 -0.577559 0.25195
-0.61029 -0.703238 0.335216
-0.968553 0.00482576 0.232488
-0.728653 -0.575675 0.370376
-0.864156 -0.359118 0.338827
-0.901022 -0.323078 0.278091
-0.949325 -0.260752 0.168501
-0.886667 -0.411286 0.204516
-0.942635 -0.276412 0.185648
-0.874116 -0.405582 0.251747
-0.862089 -0.431628 0.262252
-0.873101 -0.415129 0.25563
-0.894204 -0.393323 0.20583
-0.718477 -0.612596 0.319254
-0.771368 -0.538582 0.338818
-0.972037 -0.0162061 0.176931
-0.783095 -0.441539 0.431175
