-0.374802 -0.103941 0.84345
-0.182729 -0.456916 0.804981
-0.506646 -0.424853 0.750066
-0.480232 -0.465683 0.743195
-0.445346 -0.519964 0.728248
-0.474816 -0.478658 0.738238
-0.457337 -0.389086 0.789861
-0.40522 -0.601724 0.674951
-0.412737 -0.561113 0.716303
-0.422441 -0.467697 0.7728
-0.381019 -0.599149 0.697302
-0.4251 -0.471662 0.772307
-0.42766 -0.299457 0.834852
-0.441608 -0.497201 0.746457
-0.432189 -0.585697 0.678187
-0.549186 -0.351241 0.747532
-0.399069 -0.42034 0.814682
-0.351665 -0.398367 0.847113
-0.315156 -0.38355 0.867952
-0.289433 -0.423755 0.856433
-0.429401 -0.357918 0.816788
-0.199639 -0.34303 0.90904
-0.407307 -0.101702 0.907301
-0.362737 0.0406736 0.930995
-0.40855 0.118194 0.904311
-0.388161 0.245826 0.882092
-0.34795 0.301648 0.887542
-0.298122 0.303946 0.903394
-0.41894 0.400646 0.804317
-0.267332 0.147113 0.937797
-0.330852 0.272874 0.903054
-0.262227 0.294549 0.918617
-0.196611 0.237827 0.949363
-0.234486 0.383665 0.885482
-0.0466778 0.226597 0.967258
-0.0487001 0.315761 0.946279
-0.0204922 0.30165 0.950996
-0.0498019 0.332161 0.941643
-0.0202105 0.263167 0.962699
-0.200034 0.455256 0.85355
-0.00861631 0.39924 0.916416
0.0826794 0.301214 0.942166
0.219338 0.253497 0.931127
0.216687 0.380104 0.894839
0.207136 0.33015 0.920658
0.157386 0.44701 0.875183
0.0798572 0.510822 0.852196
0.0417836 0.429857 0.900599
-0.0286131 0.49321 0.867805
0.045009 0.446501 0.893331
0.00536095 0.516872 0.851332
0.0100099 0.504104 0.862587
-0.0207729 0.555542 0.831219
-0.00240636 0.467175 0.882277
-0.138183 0.578771 0.799586
-0.00288327 0.535408 0.844516
0.15758 0.375907 0.900158
0.120692 0.573578 0.806566
